139
185
1000140
1000061
115
107
110
113
196
105
133
181
177
177
119
190
161
128
155
121
186
109
109
193
198
190
134
126
169
134
135
163
150
115
159
183
169
156
106
157
115
113
191
166
112
177
139
192
186
128
131
138
159
102
102
162
147
193
122
142
156
145
197
178
177
172
146
120
106
107
134
138
103
195
168
126
196
109
154
185
150
119
104
156
159
152
153
117
130
108
119
177
193
148
177
155
126
166
1000049
1000397
170
101
176
129
144
116
145
146
117
110
155
162
105
185
160
174
111
174
138
160
175
115
173
115
101
150
172
146
131
146
126
183
153
143
168
120
150
127
158
169
199
117
156
134
114
163
180
109
112
186
180
159
117
146
152
144
167
167
189
153
156
103
130
166
175
174
192
129
188
157
114
199
117
114
168
183
150
157
165
108
166
195
109
119
112
178
122
182
199
102
136
151
182
176
159
149
162
171
128
111
133
157
